12 12
290 286 246 306 246 200 314 301 237 170 310 270 
213 239 160 253 179 185 241 249 158 147 253 153 
262 214 219 249 216 219 219 282 274 169 269 236 
313 262 184 346 190 228 283 283 307 237 301 280 
297 300 188 375 264 241 346 339 263 217 386 248 
292 318 276 362 363 242 351 402 286 257 397 246 
280 319 224 322 202 251 352 316 271 186 377 252 
280 255 174 307 212 177 326 243 198 163 324 222 
262 251 167 282 249 222 256 265 255 200 299 252 
292 299 222 300 279 235 265 340 215 177 351 249 
187 230 153 209 135 185 237 219 160 143 301 174 
167 222 101 226 185 197 226 220 160 156 273 155 
